frame_1.jpg,108,492,516,654
frame_2.jpg,108,492,516,654
frame_3.jpg,106,492,514,654
frame_4.jpg,108,490,516,652
frame_5.jpg,108,492,516,654
frame_6.jpg,112,492,520,654
frame_7.jpg,120,492,528,654
frame_8.jpg,122,490,530,652
frame_9.jpg,126,488,534,650
frame_10.jpg,120,482,528,644
frame_11.jpg,116,482,524,644
frame_12.jpg,114,478,522,640
frame_13.jpg,116,474,524,636
frame_14.jpg,120,468,528,630
frame_15.jpg,128,458,536,620
frame_16.jpg,136,450,544,612
frame_17.jpg,148,440,556,602
frame_18.jpg,160,432,568,594
frame_19.jpg,170,430,576,592
frame_20.jpg,176,430,576,592
frame_21.jpg,176,432,576,594
frame_22.jpg,172,434,576,596
frame_23.jpg,160,440,568,602
frame_24.jpg,138,442,546,604
frame_25.jpg,110,442,518,604
frame_26.jpg,68,436,476,598
frame_27.jpg,34,426,442,588
frame_28.jpg,12,418,420,580
frame_29.jpg,0,410,408,572
frame_30.jpg,0,404,406,566
frame_31.jpg,0,398,408,560
frame_32.jpg,12,398,420,560
frame_33.jpg,34,404,442,566
frame_34.jpg,58,416,466,578
frame_35.jpg,80,432,488,594
frame_36.jpg,106,450,514,612
frame_37.jpg,128,470,536,632
frame_38.jpg,144,486,552,648
frame_39.jpg,154,498,562,660
frame_40.jpg,158,504,566,666
frame_41.jpg,154,500,562,662
frame_42.jpg,144,488,552,650
frame_43.jpg,134,468,542,630
frame_44.jpg,128,444,536,606
frame_45.jpg,130,422,538,584
frame_46.jpg,138,406,546,568
frame_47.jpg,154,390,562,552
frame_48.jpg,170,376,576,538
frame_49.jpg,182,360,576,522
frame_50.jpg,190,348,576,510
frame_51.jpg,194,336,576,498
frame_52.jpg,194,328,576,490
frame_53.jpg,188,322,576,484
frame_54.jpg,178,316,576,478
frame_55.jpg,170,306,576,468
frame_56.jpg,164,300,572,462
frame_57.jpg,164,296,572,458
frame_58.jpg,168,302,576,464
frame_59.jpg,170,314,576,476
frame_60.jpg,174,334,576,496
frame_61.jpg,174,354,576,516
frame_62.jpg,170,374,576,536
frame_63.jpg,172,386,576,548
frame_64.jpg,176,392,576,554
frame_65.jpg,182,400,576,562
frame_66.jpg,190,414,576,576
frame_67.jpg,200,430,576,592
frame_68.jpg,208,444,576,606
frame_69.jpg,206,448,576,610
frame_70.jpg,200,450,576,612
frame_71.jpg,192,450,576,612
frame_72.jpg,184,450,576,612
frame_73.jpg,174,450,576,612
frame_74.jpg,166,448,574,610
frame_75.jpg,164,450,572,612
frame_76.jpg,162,452,570,614
frame_77.jpg,162,452,570,614
frame_78.jpg,158,456,566,618
frame_79.jpg,132,419,512,612
frame_80.jpg,132,419,512,612
frame_81.jpg,140,476,520,669
frame_82.jpg,148,519,528,712
frame_83.jpg,152,550,532,743
frame_84.jpg,152,577,532,770
frame_85.jpg,150,590,530,783
frame_86.jpg,150,593,530,786
frame_87.jpg,146,592,526,785
frame_88.jpg,152,563,532,756
frame_89.jpg,-1,-1,-1,-1
frame_90.jpg,-1,-1,-1,-1
frame_91.jpg,116,384,420,646
frame_92.jpg,116,384,420,646
frame_93.jpg,112,388,416,650
frame_94.jpg,108,396,412,658
frame_95.jpg,114,394,418,656
frame_96.jpg,124,382,428,644
frame_97.jpg,126,374,430,636
frame_98.jpg,-1,-1,-1,-1
frame_99.jpg,-1,-1,-1,-1
frame_100.jpg,-1,-1,-1,-1
frame_101.jpg,-1,-1,-1,-1
frame_102.jpg,-1,-1,-1,-1
frame_103.jpg,105,419,502,619
frame_104.jpg,105,419,502,619
frame_105.jpg,102,419,499,619
frame_106.jpg,97,419,494,619
frame_107.jpg,94,419,491,619
frame_108.jpg,91,419,488,619
frame_109.jpg,94,419,491,619
frame_110.jpg,93,419,490,619
frame_111.jpg,92,417,489,617
frame_112.jpg,89,417,486,617
frame_113.jpg,88,419,485,619
frame_114.jpg,79,417,476,617
frame_115.jpg,82,420,376,614
frame_116.jpg,82,420,376,614
frame_117.jpg,-1,-1,-1,-1
frame_118.jpg,-1,-1,-1,-1
frame_119.jpg,-1,-1,-1,-1
frame_120.jpg,-1,-1,-1,-1
frame_121.jpg,-1,-1,-1,-1
frame_122.jpg,58,393,467,615
frame_123.jpg,58,393,467,615
frame_124.jpg,57,395,466,617
frame_125.jpg,56,395,465,617
frame_126.jpg,51,395,460,617
frame_127.jpg,48,393,457,615
frame_128.jpg,43,393,452,615
frame_129.jpg,38,391,447,613
frame_130.jpg,35,389,444,611
frame_131.jpg,102,496,332,604
frame_132.jpg,102,496,332,604
frame_133.jpg,96,518,326,626
frame_134.jpg,90,530,320,638
frame_135.jpg,82,534,312,642
frame_136.jpg,80,534,310,642
frame_137.jpg,82,536,312,644
frame_138.jpg,92,558,322,666
frame_139.jpg,114,564,344,672
frame_140.jpg,9,390,463,612
frame_141.jpg,9,390,463,612
frame_142.jpg,7,388,461,610
frame_143.jpg,5,388,459,610
frame_144.jpg,7,388,461,610
frame_145.jpg,11,390,465,612
frame_146.jpg,21,388,475,610
frame_147.jpg,33,388,487,610
frame_148.jpg,47,384,501,606
frame_149.jpg,63,380,517,602
frame_150.jpg,83,378,537,600
frame_151.jpg,107,376,561,598
frame_152.jpg,129,380,576,602
frame_153.jpg,147,388,576,610
frame_154.jpg,155,398,576,620
frame_155.jpg,155,402,576,624
frame_156.jpg,151,406,576,628
frame_157.jpg,141,402,576,624
frame_158.jpg,127,394,576,616
frame_159.jpg,111,386,565,608
frame_160.jpg,91,376,545,598
frame_161.jpg,71,368,525,590
frame_162.jpg,51,360,505,582
frame_163.jpg,31,358,485,580
frame_164.jpg,19,358,473,580
frame_165.jpg,17,366,471,588
frame_166.jpg,21,374,475,596
frame_167.jpg,39,390,493,612
frame_168.jpg,67,404,521,626
frame_169.jpg,105,414,559,636
frame_170.jpg,143,416,576,638
frame_171.jpg,177,414,576,636
frame_172.jpg,201,410,576,632
frame_173.jpg,219,406,576,628
frame_174.jpg,223,400,576,622
frame_175.jpg,221,390,576,612
frame_176.jpg,229,360,576,582
frame_177.jpg,243,334,576,556
frame_178.jpg,241,316,576,538
frame_179.jpg,213,270,576,492
frame_180.jpg,218,219,576,497
frame_181.jpg,218,219,576,497
frame_182.jpg,192,211,550,489
frame_183.jpg,170,209,528,487
frame_184.jpg,158,215,516,493
frame_185.jpg,150,239,508,517
frame_186.jpg,-1,-1,-1,-1
frame_187.jpg,-1,-1,-1,-1
frame_188.jpg,50,457,557,674
frame_189.jpg,50,457,557,674
frame_190.jpg,39,458,546,675
frame_191.jpg,22,449,529,666
frame_192.jpg,24,411,479,673
frame_193.jpg,24,411,479,673
frame_194.jpg,17,439,472,701
frame_195.jpg,20,435,475,697
frame_196.jpg,21,429,476,691
frame_197.jpg,6,439,461,701
frame_198.jpg,0,532,428,739
frame_199.jpg,0,532,428,739
frame_200.jpg,40,511,468,718
frame_201.jpg,104,490,532,697
frame_202.jpg,168,457,576,664
frame_203.jpg,202,424,576,631
frame_204.jpg,232,412,576,589
frame_205.jpg,232,412,576,589
frame_206.jpg,236,419,576,596
frame_207.jpg,242,426,576,603
frame_208.jpg,256,431,576,608
frame_209.jpg,284,432,576,609
frame_210.jpg,314,429,576,606
frame_211.jpg,348,422,576,599
frame_212.jpg,378,415,576,592
frame_213.jpg,400,408,576,585
frame_214.jpg,410,405,576,582
frame_215.jpg,402,406,576,583
frame_216.jpg,384,405,576,582
frame_217.jpg,358,406,576,583
frame_218.jpg,328,407,576,584
frame_219.jpg,296,408,576,585
frame_220.jpg,262,405,576,582
frame_221.jpg,236,402,576,579
frame_222.jpg,214,397,558,574
frame_223.jpg,196,396,540,573
frame_224.jpg,180,391,524,568
frame_225.jpg,168,388,512,565
frame_226.jpg,154,381,498,558
frame_227.jpg,140,370,484,547
frame_228.jpg,120,359,464,536
frame_229.jpg,102,350,446,527
frame_230.jpg,92,345,436,522
frame_231.jpg,92,348,436,525
frame_232.jpg,100,349,444,526
frame_233.jpg,112,350,456,527
frame_234.jpg,128,347,472,524
frame_235.jpg,146,344,490,521
frame_236.jpg,164,339,508,516
frame_237.jpg,176,338,520,515
frame_238.jpg,178,347,522,524
frame_239.jpg,174,372,518,549
frame_240.jpg,174,401,518,578
frame_241.jpg,184,422,528,599
frame_242.jpg,202,429,546,606
frame_243.jpg,224,430,568,607
frame_244.jpg,238,429,576,606
frame_245.jpg,238,430,576,607
frame_246.jpg,226,429,570,606
frame_247.jpg,206,430,550,607
frame_248.jpg,115,275,526,612
frame_249.jpg,115,275,526,612
frame_250.jpg,114,268,525,605
frame_251.jpg,115,259,526,596
frame_252.jpg,112,246,523,583
frame_253.jpg,111,237,522,574
frame_254.jpg,112,232,523,569
frame_255.jpg,117,225,528,562
frame_256.jpg,124,224,535,561
frame_257.jpg,137,223,548,560
frame_258.jpg,148,226,559,563
frame_259.jpg,159,225,570,562
