frame_1.jpg,108,492,516,654
frame_2.jpg,50,452,532,688
frame_3.jpg,58,441,523,677
frame_4.jpg,59,451,523,680
frame_5.jpg,57,452,529,687
frame_6.jpg,66,454,530,683
frame_7.jpg,74,440,547,684
frame_8.jpg,74,442,539,680
frame_9.jpg,82,444,539,671
frame_10.jpg,85,447,530,661
frame_11.jpg,88,443,512,652
frame_12.jpg,90,447,498,642
frame_13.jpg,103,453,491,633
frame_14.jpg,114,451,489,619
frame_15.jpg,129,450,490,611
frame_16.jpg,135,446,504,605
frame_17.jpg,154,441,522,589
frame_18.jpg,164,429,525,581
frame_19.jpg,174,429,526,573
frame_20.jpg,174,427,530,579
frame_21.jpg,182,429,527,574
frame_22.jpg,175,432,519,582
frame_23.jpg,165,440,505,587
frame_24.jpg,128,438,464,590
frame_25.jpg,109,435,431,580
frame_26.jpg,67,429,389,575
frame_27.jpg,36,411,354,564
frame_28.jpg,16,405,324,553
frame_29.jpg,9,397,308,542
frame_30.jpg,8,395,311,536
frame_31.jpg,13,388,322,539
frame_32.jpg,22,387,332,533
frame_33.jpg,41,401,358,546
frame_34.jpg,69,415,385,557
frame_35.jpg,94,432,413,578
frame_36.jpg,121,444,453,595
frame_37.jpg,144,460,473,614
frame_38.jpg,155,469,486,633
frame_39.jpg,165,484,491,643
frame_40.jpg,169,488,491,648
frame_41.jpg,164,481,492,641
frame_42.jpg,156,472,479,633
frame_43.jpg,138,451,471,613
frame_44.jpg,134,426,466,579
frame_45.jpg,129,405,467,562
frame_46.jpg,141,396,477,546
frame_47.jpg,164,384,507,531
frame_48.jpg,172,368,518,515
frame_49.jpg,178,350,538,496
frame_50.jpg,187,341,549,486
frame_51.jpg,185,326,550,476
frame_52.jpg,183,321,554,465
frame_53.jpg,178,313,551,467
frame_54.jpg,161,302,545,458
frame_55.jpg,151,301,535,446
frame_56.jpg,153,282,541,452
frame_57.jpg,144,285,538,446
frame_58.jpg,142,276,545,452
frame_59.jpg,145,288,553,474
frame_60.jpg,146,305,565,487
frame_61.jpg,156,331,557,516
frame_62.jpg,149,353,552,521
frame_63.jpg,147,358,553,537
frame_64.jpg,156,370,556,537
frame_65.jpg,177,373,558,546
frame_66.jpg,177,392,562,573
frame_67.jpg,189,405,574,580
frame_69.jpg,566,611,566,611
frame_70.jpg,174,422,572,597
frame_71.jpg,157,419,570,602
frame_72.jpg,157,418,558,601
frame_73.jpg,128,399,548,603
frame_74.jpg,146,411,542,592
frame_75.jpg,133,410,537,595
frame_76.jpg,135,417,555,599
frame_77.jpg,128,428,543,593
frame_78.jpg,145,407,551,600
frame_79.jpg,139,407,542,606
frame_80.jpg,129,418,548,613
frame_81.jpg,120,409,537,606
frame_82.jpg,122,417,523,619
frame_83.jpg,118,414,519,617
frame_84.jpg,117,418,510,620
frame_85.jpg,107,425,517,620
frame_86.jpg,102,429,510,629
frame_87.jpg,105,426,504,627
frame_88.jpg,95,416,509,635
frame_89.jpg,95,428,507,646
frame_90.jpg,84,423,509,636
frame_91.jpg,101,424,520,634
frame_92.jpg,105,424,515,636
frame_93.jpg,102,421,535,630
frame_94.jpg,101,416,550,616
frame_95.jpg,102,419,517,608
frame_96.jpg,94,422,537,612
frame_97.jpg,132,423,561,591
frame_98.jpg,103,410,564,625
frame_99.jpg,98,407,550,610
frame_100.jpg,84,401,510,593
frame_101.jpg,87,398,510,600
frame_102.jpg,98,424,480,605
frame_103.jpg,95,424,507,610
frame_104.jpg,107,422,502,630
frame_105.jpg,98,418,500,614
frame_107.jpg,84,417,516,612
frame_108.jpg,86,412,502,610
frame_109.jpg,89,410,508,612
frame_110.jpg,88,414,513,617
frame_111.jpg,83,415,483,609
frame_112.jpg,81,416,488,618
frame_113.jpg,85,420,484,595
frame_114.jpg,76,418,498,607
frame_115.jpg,77,421,503,623
frame_116.jpg,82,427,513,610
frame_117.jpg,101,439,496,598
frame_118.jpg,128,441,509,623
frame_119.jpg,96,438,525,665
frame_120.jpg,53,425,518,653
frame_121.jpg,69,397,491,602
frame_122.jpg,33,391,507,604
frame_123.jpg,52,391,484,599
frame_124.jpg,54,404,461,601
frame_125.jpg,58,406,465,595
frame_126.jpg,46,405,460,617
frame_127.jpg,44,402,451,601
frame_128.jpg,31,405,457,607
frame_129.jpg,28,396,447,597
frame_130.jpg,35,397,432,592
frame_131.jpg,29,389,470,593
frame_132.jpg,81,408,514,604
frame_134.jpg,51,358,505,632
frame_135.jpg,58,387,428,578
frame_136.jpg,74,378,471,596
frame_137.jpg,67,386,510,606
frame_138.jpg,19,389,476,629
frame_139.jpg,20,388,411,568
frame_140.jpg,20,386,467,569
frame_142.jpg,21,393,435,597
frame_143.jpg,17,390,446,602
frame_144.jpg,26,399,434,598
frame_145.jpg,32,404,425,591
frame_147.jpg,44,406,427,572
frame_148.jpg,80,401,437,581
frame_150.jpg,135,409,479,579
frame_151.jpg,151,405,477,570
frame_152.jpg,176,418,513,573
frame_153.jpg,197,437,513,563
frame_154.jpg,205,425,526,590
frame_155.jpg,213,436,522,591
frame_156.jpg,209,444,534,592
frame_157.jpg,192,437,498,581
frame_158.jpg,181,435,488,569
frame_159.jpg,165,411,479,565
frame_160.jpg,127,404,441,559
frame_162.jpg,102,387,425,544
frame_163.jpg,42,369,400,547
frame_164.jpg,28,369,378,539
frame_165.jpg,32,376,394,555
frame_166.jpg,31,377,402,569
frame_167.jpg,30,379,438,592
frame_168.jpg,56,388,480,617
frame_169.jpg,92,393,529,626
frame_170.jpg,124,388,575,640
frame_171.jpg,151,383,572,652
frame_172.jpg,166,367,569,664
frame_173.jpg,195,368,574,659
frame_174.jpg,205,369,571,643
frame_175.jpg,211,356,570,645
frame_176.jpg,231,344,573,611
frame_177.jpg,252,330,567,563
frame_178.jpg,254,290,571,538
frame_179.jpg,234,253,570,493
frame_180.jpg,231,221,552,468
frame_181.jpg,193,208,531,431
frame_183.jpg,48,236,511,441
frame_184.jpg,22,268,486,465
frame_185.jpg,44,274,512,503
frame_186.jpg,56,366,543,558
frame_187.jpg,60,419,551,622
frame_188.jpg,39,480,553,668
frame_189.jpg,54,452,543,683
frame_190.jpg,62,451,534,663
frame_192.jpg,38,400,514,674
frame_193.jpg,7,444,509,711
frame_194.jpg,7,485,497,733
frame_195.jpg,5,448,485,742
frame_196.jpg,6,465,513,714
frame_197.jpg,5,524,494,712
frame_198.jpg,5,538,534,736
frame_199.jpg,3,543,505,730
frame_200.jpg,7,494,526,712
frame_201.jpg,30,415,554,674
frame_202.jpg,112,370,557,622
frame_203.jpg,201,384,567,594
frame_204.jpg,225,413,568,578
frame_205.jpg,247,419,566,574
frame_206.jpg,257,421,564,588
frame_207.jpg,268,408,570,599
frame_208.jpg,275,411,566,590
frame_209.jpg,293,400,567,597
frame_210.jpg,321,404,569,587
frame_211.jpg,352,396,570,565
frame_213.jpg,389,394,575,560
frame_214.jpg,425,388,571,544
frame_215.jpg,404,382,571,544
frame_216.jpg,394,388,573,552
frame_218.jpg,565,553,565,553
frame_219.jpg,300,377,571,560
frame_220.jpg,256,356,566,552
frame_221.jpg,239,368,548,548
frame_223.jpg,196,360,500,538
frame_224.jpg,180,356,478,533
frame_225.jpg,162,351,468,525
frame_226.jpg,153,346,471,522
frame_227.jpg,137,336,444,512
frame_228.jpg,108,317,430,497
frame_229.jpg,83,299,406,487
frame_230.jpg,77,301,409,487
frame_231.jpg,81,298,410,494
frame_232.jpg,87,298,428,505
frame_233.jpg,104,296,433,496
frame_235.jpg,123,280,465,510
frame_236.jpg,104,253,500,488
frame_237.jpg,114,243,527,508
frame_238.jpg,117,238,543,536
frame_239.jpg,108,257,564,565
frame_240.jpg,102,277,568,621
frame_241.jpg,109,274,571,651
frame_242.jpg,95,241,564,667
frame_243.jpg,152,255,567,673
frame_244.jpg,166,252,570,658
frame_245.jpg,152,239,572,631
frame_246.jpg,149,242,561,633
frame_247.jpg,137,253,536,606
frame_249.jpg,139,287,499,593
frame_250.jpg,145,275,496,585
frame_251.jpg,155,281,492,574
frame_252.jpg,159,277,473,548
frame_253.jpg,158,269,472,542
frame_254.jpg,169,269,473,533
frame_255.jpg,170,267,472,524
frame_256.jpg,181,274,476,521
frame_257.jpg,195,276,484,530
frame_258.jpg,211,262,492,524
frame_259.jpg,217,257,497,525
